0.00	-0.28
0.03	0.18
0.07	0.25
0.10	0.62
0.13	15.11
0.17	11.79
0.20	25.67
0.23	37.18
0.27	30.17
0.30	26.50
0.33	22.31
0.37	18.09
0.40	13.98
0.43	11.26
0.47	9.27
0.50	7.97
0.53	6.82
0.56	5.80
0.60	5.09
0.63	4.42
0.66	3.86
0.70	3.46
0.73	3.02
0.76	2.80
0.80	2.48
0.83	2.29
0.86	2.12
0.90	1.98
0.93	1.95
0.96	1.76
1.00	1.61
1.03	1.56
1.06	1.45
1.10	1.42
1.13	1.44
1.16	1.30
1.20	1.22
1.23	1.20
1.26	1.18
1.30	1.18
1.33	1.09
1.36	1.02
1.40	1.03
1.43	0.99
1.46	0.98
1.50	0.92
1.53	0.90
1.56	0.93
1.60	0.89
1.63	0.90
1.66	0.86
1.69	0.80
1.73	0.81
1.76	0.81
1.79	0.83
1.83	0.72
1.86	0.79
1.89	0.73
1.93	0.78
1.96	0.81
1.99	0.76
2.03	0.70
2.06	0.68
2.09	0.76
2.13	0.77
2.16	0.74
2.19	0.65
2.23	0.70
2.26	0.64
2.29	0.63
2.33	0.72
2.36	0.72
2.39	0.71
2.43	0.69
2.46	0.70
2.49	0.74
2.53	0.67
2.56	0.66
2.59	0.65
2.63	0.64
2.66	0.60
2.69	0.60
2.73	0.61
2.76	0.63
2.79	0.62
2.82	0.64
2.86	0.65
2.89	0.68
2.92	0.66
2.96	0.65
2.99	0.66
3.02	0.71
3.06	0.67
3.09	0.61
3.12	0.61
3.16	0.63
3.19	0.59
3.22	0.60
3.26	0.59
3.29	0.59
3.32	0.64
3.36	0.69
3.39	0.73
3.42	0.65
3.46	0.64
3.49	0.60
3.52	0.64
3.56	0.65
3.59	0.63
3.62	0.61
3.66	0.63
3.69	0.64
3.72	0.67
3.76	0.70
3.79	0.61
3.82	0.59
3.85	0.62
3.89	0.59
3.92	0.59
3.95	0.55
3.99	0.57
4.02	0.59
4.05	0.58
4.09	0.58
4.12	0.62
4.15	0.61
4.19	0.66
4.22	0.63
4.25	0.59
4.29	0.60
4.32	0.60
4.35	0.59
4.39	0.60
4.42	0.63
4.45	0.59
4.49	0.61
4.52	0.63
4.55	0.60
4.59	0.54
4.62	0.53
4.65	0.57
4.69	0.57
4.72	0.60
4.75	0.62
4.79	0.57
4.82	0.58
4.85	0.57
4.89	0.63
4.92	0.56
4.95	0.56
4.98	0.59
5.02	0.60
5.05	0.59
5.08	0.64
5.12	0.66
5.15	0.58
5.18	0.58
5.22	0.55
5.25	0.56
5.28	0.60
5.32	0.53
5.35	0.51
5.38	0.57
5.42	0.61
5.45	0.64
5.48	0.61
5.52	0.56
5.55	0.56
5.58	0.58
5.62	0.57
5.65	0.57
5.68	0.63
5.72	0.61
5.75	0.67
5.78	0.60
5.82	0.58
5.85	0.54
5.88	0.56
5.92	0.60
5.95	0.65
5.98	0.61
6.02	0.62
6.05	0.57
6.08	0.55
6.11	0.59
6.15	0.57
6.18	0.54
6.21	0.60
6.25	0.58
6.28	0.58
6.31	0.60
6.35	0.55
6.38	0.54
6.41	0.54
6.45	0.55
6.48	0.59
6.51	0.62
6.55	0.63
6.58	0.60
6.61	0.56
6.65	0.58
6.68	0.60
6.71	0.59
6.75	0.59
6.78	0.61
6.81	0.60
6.85	0.60
6.88	0.62
6.91	0.55
6.95	0.52
6.98	0.60
7.01	0.65
7.05	0.62
7.08	0.58
7.11	0.59
7.14	0.63
7.18	0.62
7.21	0.63
7.24	0.60
7.28	0.59
7.31	0.57
7.34	0.55
7.38	0.59
7.41	0.60
7.44	0.57
7.48	0.58
7.51	0.58
7.54	0.63
7.58	0.60
7.61	0.59
7.64	0.63
7.68	0.59
7.71	0.61
7.74	0.62
7.78	0.60
7.81	0.63
7.84	0.66
7.88	0.66
7.91	0.66
7.94	0.66
7.98	0.64
8.01	0.68
8.04	0.60
8.08	0.69
8.11	0.67
8.14	0.69
8.18	0.71
8.21	0.66
8.24	0.65
8.27	0.68
8.31	0.69
8.34	0.62
8.37	0.67
8.41	0.66
8.44	0.65
8.47	0.67
8.51	0.63
8.54	0.67
8.57	0.72
8.61	0.69
8.64	0.68
8.67	0.72
8.71	0.76
8.74	0.72
8.77	0.70
8.81	0.71
8.84	0.70
8.87	0.68
8.91	0.64
8.94	0.65
8.97	0.63
9.01	0.67
9.04	0.65
9.07	0.63
9.11	0.65
9.14	0.61
9.17	0.65
9.21	0.68
9.24	0.68
9.27	0.69
9.31	0.64
9.34	0.61
9.37	0.63
9.40	0.67
9.44	0.65
9.47	0.67
9.50	0.65
9.54	0.65
9.57	0.65
9.60	0.58
9.64	0.66
9.67	0.64
9.70	0.63
9.74	0.61
9.77	0.68
9.80	0.65
9.84	0.61
9.87	0.62
9.90	0.66
9.94	0.60
9.97	0.63
10.00	0.59
10.04	0.66
10.07	0.64
10.10	0.62
10.14	0.63
10.17	0.58
10.20	0.53
10.24	0.54
10.27	0.64
10.30	0.61
10.34	0.60
10.37	0.63
10.40	0.60
10.43	0.60
10.47	0.63
10.50	0.64
10.53	0.64
10.57	0.70
10.60	0.66
10.63	0.69
10.67	0.66
10.70	0.71
10.73	0.69
10.77	0.74
10.80	0.76
10.83	0.76
10.87	0.70
10.90	0.77
10.93	0.77
10.97	0.80
11.00	0.89
11.03	0.88
11.07	0.83
11.10	0.79
11.13	0.85
11.17	0.86
11.20	0.93
11.23	0.89
11.27	0.92
11.30	0.93
11.33	0.94
11.37	0.98
11.40	0.95
11.43	1.07
11.47	1.09
11.50	1.12
11.53	1.16
11.56	1.21
11.60	1.26
11.63	1.27
11.66	1.30
11.70	1.39
11.73	1.49
11.76	1.52
11.80	1.62
11.83	1.71
11.86	1.79
11.90	1.86
11.93	1.95
11.96	2.11
12.00	2.30
12.03	2.47
12.06	2.60
12.10	2.76
12.13	2.95
12.16	3.16
12.20	3.38
12.23	3.68
12.26	3.88
12.30	4.10
12.33	4.39
12.36	4.63
12.40	5.02
12.43	5.37
12.46	5.70
12.50	6.08
12.53	6.53
12.56	6.90
12.60	7.35
12.63	7.81
12.66	8.38
12.69	8.91
12.73	9.57
12.76	10.33
12.79	11.14
12.83	12.14
12.86	13.30
12.89	14.68
12.93	16.39
12.96	18.31
12.99	20.54
13.03	23.13
13.06	26.09
13.09	29.56
13.13	33.31
13.16	37.40
13.19	41.88
13.23	46.56
13.26	51.30
13.29	56.29
13.33	61.22
13.36	66.04
13.39	70.72
13.43	74.82
13.46	78.59
13.49	81.82
13.53	84.49
13.56	86.45
13.59	87.66
13.63	88.15
13.66	87.89
13.69	86.94
13.72	85.28
13.76	83.12
13.79	80.42
13.82	77.16
13.86	73.68
13.89	69.87
13.92	65.93
13.96	61.87
13.99	57.76
14.02	53.62
14.06	49.70
14.09	45.84
14.12	42.20
14.16	38.65
14.19	35.30
14.22	32.23
14.26	29.39
14.29	26.72
14.32	24.24
14.36	22.02
14.39	19.92
14.42	18.03
14.46	16.31
14.49	14.76
14.52	13.34
14.56	12.07
14.59	10.90
14.62	9.84
14.66	8.83
14.69	8.03
14.72	7.21
14.76	6.53
14.79	5.96
14.82	5.37
14.85	4.81
14.89	4.38
14.92	3.97
14.95	3.60
14.99	3.28
15.02	2.99
15.05	2.70
15.09	2.51
15.12	2.29
15.15	2.02
15.19	1.86
15.22	1.76
15.25	1.70
15.29	1.59
15.32	1.40
15.35	1.29
15.39	1.19
15.42	1.12
15.45	1.07
15.49	1.04
15.52	0.96
15.55	0.88
15.59	0.83
15.62	0.79
15.65	0.81
15.69	0.75
15.72	0.74
15.75	0.75
15.79	0.73
15.82	0.70
15.85	0.70
15.89	0.75
15.92	0.64
15.95	0.60
15.98	0.66
16.02	0.63
16.05	0.59
16.08	0.65
16.12	0.59
16.15	0.61
16.18	0.56
16.22	0.58
16.25	0.55
16.28	0.61
16.32	0.60
16.35	0.56
16.38	0.54
16.42	0.50
16.45	0.55
16.48	0.58
16.52	0.53
16.55	0.47
16.58	0.47
16.62	0.49
16.65	0.52
16.68	0.53
16.72	0.50
16.75	0.45
16.78	0.47
16.82	0.47
16.85	0.48
16.88	0.45
16.92	0.43
16.95	0.41
16.98	0.44
17.02	0.39
17.05	0.43
17.08	0.41
17.11	0.36
17.15	0.40
17.18	0.45
17.21	0.44
17.25	0.38
17.28	0.44
17.31	0.36
17.35	0.40
17.38	0.32
17.41	0.33
17.45	0.38
17.48	0.30
17.51	0.32
17.55	0.33
17.58	0.35
17.61	0.35
17.65	0.31
17.68	0.27
17.71	0.31
17.75	0.29
17.78	0.32
17.81	0.31
17.85	0.34
17.88	0.28
17.91	0.23
17.95	0.28
17.98	0.32
18.01	0.35
18.05	0.27
18.08	0.28
18.11	0.29
18.14	0.22
18.18	0.29
18.21	0.25
18.24	0.32
18.28	0.31
18.31	0.26
18.34	0.29
18.38	0.23
18.41	0.28
18.44	0.33
18.48	0.33
18.51	0.32
18.54	0.30
18.58	0.25
18.61	0.24
18.64	0.31
18.68	0.26
18.71	0.31
18.74	0.29
18.78	0.31
18.81	0.28
18.84	0.27
18.88	0.19
18.91	0.29
18.94	0.30
18.98	0.25
19.01	0.29
19.04	0.27
19.08	0.24
19.11	0.25
19.14	0.26
19.18	0.29
19.21	0.28
19.24	0.24
19.27	0.26
19.31	0.24
19.34	0.25
19.37	0.31
19.41	0.24
19.44	0.23
19.47	0.19
19.51	0.18
19.54	0.23
19.57	0.23
19.61	0.23
19.64	0.22
19.67	0.20
19.71	0.15
19.74	0.16
19.77	0.19
19.81	0.23
19.84	0.17
19.87	0.17
19.91	0.16
19.94	0.15
19.97	0.20
20.01	0.15
20.04	0.15
20.07	0.18
20.11	0.28
20.14	0.22
20.17	0.21
20.21	0.23
20.24	0.25
20.27	0.29
20.31	0.25
20.34	0.19
20.37	0.21
20.40	0.20
20.44	0.29
20.47	0.27
20.50	0.23
20.54	0.25
20.57	0.20
20.60	0.22
20.64	0.23
20.67	0.18
20.70	0.21
20.74	0.18
20.77	0.20
20.80	0.20
20.84	0.14
20.87	0.18
20.90	0.17
20.94	0.14
20.97	0.14
21.00	0.18
21.04	0.13
21.07	0.14
21.10	0.10
21.14	0.11
21.17	0.10
21.20	0.09
21.24	0.10
21.27	-0.01
21.30	0.00
21.34	0.02
21.37	0.04
21.40	0.02
21.43	0.01
21.47	-0.01
21.50	0.02
21.53	-0.08
21.57	-0.04
21.60	-0.02
21.63	-0.04
21.67	-0.07
21.70	-0.11
21.73	-0.07
21.77	-0.09
21.80	-0.05
21.83	-0.09
21.87	-0.10
21.90	-0.07
21.93	-0.10
21.97	-0.05
22.00	-0.12
22.03	-0.10
22.07	-0.15
22.10	-0.15
22.13	-0.13
22.17	-0.08
22.20	-0.01
22.23	-0.11
22.27	-0.10
22.30	-0.13
22.33	-0.10
22.37	-0.12
22.40	-0.14
22.43	-0.11
22.47	-0.12
22.50	-0.14
22.53	-0.12
22.56	-0.12
22.60	-0.13
22.63	-0.08
22.66	-0.09
22.70	-0.03
22.73	-0.07
22.76	-0.04
22.80	0.00
22.83	0.04
22.86	0.04
22.90	0.07
22.93	0.07
22.96	0.07
23.00	0.13
23.03	0.15
23.06	0.13
23.10	0.17
23.13	0.16
23.16	0.09
23.20	0.05
23.23	0.05
23.26	0.03
23.30	0.04
23.33	0.04
23.36	0.02
23.40	0.01
23.43	-0.04
23.46	0.01
23.50	-0.04
23.53	0.01
23.56	0.04
23.60	-0.05
23.63	-0.01
23.66	-0.06
23.69	0.00
23.73	0.05
23.76	0.04
23.79	0.04
23.83	0.01
23.86	0.08
23.89	0.07
23.93	0.02
23.96	0.03
23.99	-0.02
24.03	-0.01
24.06	-0.03
24.09	-0.09
24.13	-0.05
24.16	-0.06
24.19	-0.11
24.23	-0.14
24.26	-0.22
24.29	-0.20
24.33	-0.23
24.36	-0.25
24.39	-0.28
24.43	-0.34
24.46	-0.32
24.49	-0.35
24.53	-0.39
24.56	-0.42
24.59	-0.40
24.63	-0.42
24.66	-0.47
24.69	-0.52
24.72	-0.50
24.76	-0.52
24.79	-0.49
24.82	-0.51
24.86	-0.51
24.89	-0.53
24.92	-0.51
24.96	-0.54
24.99	-0.43
25.02	-0.56
25.06	-0.59
25.09	-0.58
25.12	-0.58
25.16	-0.51
25.19	-0.53
25.22	-0.53
25.26	-0.57
25.29	-0.57
25.32	-0.55
25.36	-0.56
25.39	-0.55
25.42	-0.50
25.46	-0.53
25.49	-0.55
25.52	-0.62
25.56	-0.61
25.59	-0.57
25.62	-0.53
25.66	-0.54
25.69	-0.49
25.72	-0.54
25.76	-0.55
25.79	-0.61
25.82	-0.58
25.85	-0.61
25.89	-0.59
25.92	-0.48
25.95	-0.55
25.99	-0.59
26.02	-0.51
26.05	-0.53
26.09	-0.53
26.12	-0.59
26.15	-0.57
26.19	-0.56
26.22	-0.61
26.25	-0.56
26.29	-0.53
26.32	-0.56
26.35	-0.55
26.39	-0.55
26.42	-0.56
26.45	-0.52
26.49	-0.59
26.52	-0.55
26.55	-0.52
26.59	-0.55
26.62	-0.51
26.65	-0.51
26.69	-0.49
26.72	-0.53
26.75	-0.56
26.79	-0.54
26.82	-0.55
26.85	-0.52
26.89	-0.53
26.92	-0.44
26.95	-0.47
26.98	-0.51
27.02	-0.56
27.05	-0.55
27.08	-0.53
27.12	-0.49
27.15	-0.53
27.18	-0.54
27.22	-0.55
27.25	-0.53
27.28	-0.50
27.32	-0.53
27.35	-0.56
27.38	-0.59
27.42	-0.56
27.45	-0.57
27.48	-0.50
27.52	-0.53
27.55	-0.52
27.58	-0.51
27.62	-0.49
27.65	-0.55
27.68	-0.44
27.72	-0.48
27.75	-0.56
27.78	-0.57
27.82	-0.54
27.85	-0.55
27.88	-0.54
27.92	-0.52
27.95	-0.49
27.98	-0.51
28.01	-0.48
28.05	-0.46
28.08	-0.44
28.11	-0.49
28.15	-0.46
28.18	-0.46
28.21	-0.48
28.25	-0.48
28.28	-0.40
28.31	-0.43
28.35	-0.47
28.38	-0.46
28.41	-0.43
28.45	-0.42
28.48	-0.43
28.51	-0.50
28.55	-0.45
28.58	-0.46
28.61	-0.45
28.65	-0.44
28.68	-0.45
28.71	-0.43
28.75	-0.47
28.78	-0.45
28.81	-0.43
28.85	-0.43
28.88	-0.37
28.91	-0.45
28.95	-0.46
28.98	-0.41
29.01	-0.46
29.05	-0.41
29.08	-0.38
29.11	-0.41
29.14	-0.38
29.18	-0.39
29.21	-0.41
29.24	-0.39
29.28	-0.42
29.31	-0.40
29.34	-0.38
29.38	-0.34
29.41	-0.41
29.44	-0.40
29.48	-0.35
29.51	-0.34
29.54	-0.37
29.58	-0.37
29.61	-0.40